70.5	62.8	77.4	85.7	100	77.3
68.8	62.8	69.6	88.2	68.2	74.4
63.7	62.6	77	73.6	36.1	69.9
61	63.8	66	80.1	99.2	69.4
57.9	69.2	72.2	60.2	35.1	63.2
47	58.2	59.8	79.3	59.2	61.7
47.4	60.3	51.1	80.5	100	60.7
45.1	63.6	47.5	85.3	-	58.8
49.3	56.4	54.5	72.7	31.8	58
47.6	47.6	48.1	81.7	33.7	57.6
39.8	88.4	43.6	82	37.5	57.2
43.9	34.7	55.7	75.4	35.9	56
34.3	60.9	48.5	84.9	39.2	55.9
33.4	88.3	37.2	86.1	30.6	54.4
42.2	53.1	38	75	68.5	52.3
41.4	47.7	45.8	66.1	99.7	52.1
38.5	58.3	46.7	61.9	92.4	50.8
34.6	50.9	35.8	79.1	47.9	49.9
35.2	58.2	23.9	86.4	58.4	49.5
37.3	61.1	22.2	83.8	68.4	49.3

