86.5	94.4	98.9	98.8	73.1	94.2
88.2	91.5	96.7	97	55	92.8
83.3	96	88.5	96.7	53.7	89.1
78.1	94.4	91	94.2	40.5	87.1
69.8	93.6	80.6	94.3	32.2	81.3
68.6	89.8	77.2	96.3	36.1	80.3
64.5	93.8	75.8	93.8	40.1	78.2
58.4	87	66	77.3	42	68.1
47.6	82.4	51.6	91.2	40	64.3
47.9	86.4	51.9	87.7	34.4	63.6
41.6	85.8	48.3	92.3	31.6	61.9
47.4	90.3	53.1	78.2	37.7	61.3
49.7	92.3	47.3	78.8	30.6	60.4
39.4	87.3	40	94.3	31.9	59.5
42.4	81.9	48.8	80.1	43.4	58.6
34.1	93.5	41.3	93.3	36.8	58.5
54.2	46.3	53.1	67.2	52	57.1
40	83.7	42.5	76.6	82.9	56.1
34	87	41.4	85.3	33.6	55.6
34.9	98.5	40.5	78.5	72.4	55.4
46.1	40.5	33.2	92	34.1	55.3
43.3	68.2	44.7	75.5	38.3	55.1
40.2	48.9	36.3	88.1	52.2	54.3
31.1	45.6	34.2	99.9	36.1	53.9
31.9	83.5	28.7	92.7	28.5	52.9
32.8	85.4	30.9	85.9	36.6	52.2
39.3	85.1	37.3	69.9	34.2	51.2
32.1	86.6	27.8	86	31.7	51.1
29.7	91.4	31.4	82.6	43.1	51
30.9	78.1	31.6	82	34.6	50.1
25.6	78.5	26.9	90.2	49.5	49.9
30.9	84.3	27.5	81.5	34.7	49.2
25.6	69.5	18.1	100	37.7	49.2
34.1	93.4	33.3	68.9	35.7	48.8

